20




27011810609978 
11505404827196 
46283659110153
95665552526184 
60287901869500 
16835908547778 
54447908532780 
99613904551711 
94950952823176 
16252010204271 
44263540956514
46626521804610 
66367659639841 
41386739952228
85830675328593 
54422074282088 
80267010745552 
67392220952720 
44739788406404 
50324070453128 
22354169860241
75494924192194 
30414576237716 

--------------------
20
66211527934097 
21585519378356 
10333411957668 
27738096875329 
59003439539448 
78750291085827 
76095079173678 
87953460984073 
46494519916581 
93432122239374 
24426590020603 
05493842914070 
97190392885035 
36902098593363 
83618992964639 
83651726963841 
95492493621105 

50
17394184555388 
18746087471091 
79766847937160
25755324772072 
65164050829784
80239583123548 
18198267250267 

145
68499292182520 
56340571511224 
36487112734311 
27713005925502 
43840581768714 
14103849754855 
70456221892351
94554982201727 

  SOLD SOLD SOLD 
50
73336934280451 
75102868170422 
04014692419931 
43920372749662 
09737468105324 
37303841933115 
15282373047061
22050821880740 
71465322766012 
13878493118053 
16000525178535 
07568231711644 
53935051955285 
90011488275413 
93946423571476 
17687686844165
21108974951780 
36493776015252 
44279462941682 

60644495208616 
98556767585492 
60517627152602 

150
22569392264845 
76054638032962  
03672884174555 
12439247404720 

76054638032962  
40228284582183
93994407361235 
46794815642800 
00170195858154 
85484350271560 
57005085337892 
48020214036699 
25916881720988 
84936058280660 


