AZVUZ9G2J27LUTJ2DKHY

CGM479D52L7LURRQ3W6Y
XRRAF9W6WW7LL98KAFKX
2KD6D9DJEW7LLHZAFWF3


GS 10
8807277439652807
0421534167141563
4895188019013795
4547399230292765
9491132389160493
1572679223314249
9812301008428891
3831320190248046
5012468007226543
1847128055468738
1992740617395400
9276236319654114
0732626055680360
3107049880320687
2558149106388524
4202642440277773
4954874669497102
7018384300735999

RG50
PIN 28279802377312 
PIN 71072035024701
PIN 77271727686759
PIN 07073976352979


RG20
REDEEMED!
58367505806545 
83138756513446 
08311219801575 
70903833954795 
53357920275880 
50101748291370 
97302352815705 
29590375595094 
26340625395700 
28029340770907
REDEEMED!














